53.666666666666664
42.666666666666664
47.333333333333336
66.33333333333333
44.666666666666664
72.66666666666667
41.333333333333336
61.0
70.0
46.666666666666664
81.66666666666667
75.66666666666667
70.0
49.0
60.0
72.33333333333333
67.66666666666667
55.666666666666664
67.33333333333333
65.33333333333333
87.33333333333333
60.666666666666664
52.0
39.0
58.666666666666664
53.333333333333336
42.0
45.333333333333336
48.333333333333336
62.333333333333336
92.33333333333333
70.66666666666667
66.33333333333333
79.66666666666667
71.0
69.0
71.66666666666667
67.33333333333333
63.0
82.33333333333333
46.0
73.66666666666667
68.33333333333333
83.66666666666667
64.0
43.0
48.666666666666664
38.0
62.333333333333336
53.333333333333336
55.0
41.666666666666664
62.0
59.666666666666664
51.333333333333336
60.333333333333336
80.66666666666667
60.333333333333336
47.666666666666664
75.66666666666667
43.666666666666664
73.33333333333333
56.333333333333336
64.66666666666667
83.0
61.333333333333336
46.666666666666664
72.0
63.333333333333336
59.333333333333336
92.33333333333333
52.333333333333336
60.083333333333336 63.736111111111114 61.05555555555556